锦园小区(娄塘路),121.214390,31.432166,0.000000
曹王别墅小区,121.299187,31.433710,0.000000
石太路3512弄,121.338667,31.431679,0.000000
光明村,121.369038,31.431651,0.000000
曹王社区158弄小区A区,121.299244,31.435647,0.000000
曹王社区158弄小区B区,121.299055,31.435593,0.000000
徐行镇曹王社区158弄小区,121.299123,31.435499,0.000000
曹王社区,121.301033,31.434925,0.000000
集仙路501弄小区,121.365588,31.435584,0.000000
月浦镇社区文化活动中心钱潘分中心,121.394247,31.436710,0.000000
月浦镇社区文化活动中心钱潘分中心,121.394247,31.436710,0.000000
宝鼎小区,121.396641,31.437682,0.000000
罗西花园小区,121.331844,31.442845,0.000000
新月明星园,121.395661,31.445858,0.000000
新月明月园,121.398491,31.447611,0.000000
安新村社区服务中心,121.299478,31.450378,0.000000
宝浦隆,121.376769,31.448497,0.000000
新月桃苑,121.394168,31.450524,0.000000
新月明珠园,121.394307,31.448107,0.000000
宝华盛世花园,121.401065,31.448924,0.000000
大庆锦绣新城翠庭苑,121.152467,31.452377,0.000000
Z储新河湾,121.326051,31.452199,0.000000
宝华・北岸郡庭,121.391620,31.452892,0.000000
盛桥三村,121.396219,31.451946,0.000000
盛桥三村东区,121.396712,31.453350,0.000000
盛桥三村10幢30号,121.396697,31.451484,0.000000
盛桥三村8幢25号,121.396820,31.451263,0.000000
盛桥二村,121.397399,31.453299,0.000000
盛桥二村北块,121.397177,31.453345,0.000000
盛桥二村55号,121.397158,31.453310,0.000000
盛桥三村1幢1-3号,121.397895,31.451404,0.000000
盛桥三村2号楼,121.397889,31.451439,0.000000
盛桥二村54号楼,121.397283,31.453339,0.000000
盛桥二村南块,121.399844,31.452586,0.000000
盛桥一村20幢52号,121.400950,31.453111,0.000000
盛桥四村25号楼,121.400367,31.450868,0.000000
盛桥四村,121.399844,31.450751,0.000000
金帝太和天镜,121.168274,31.455930,0.000000
向东岛,121.171997,31.455869,0.000000
石太路86弄小区,121.395804,31.456110,0.000000
盛桥三村90号楼,121.396687,31.453505,0.000000
新丰花苑,121.394538,31.454542,0.000000
盛桥一村,121.399303,31.454818,0.000000
盛桥一村13幢,121.399470,31.454401,0.000000
盛桥一村35幢,121.399732,31.453932,0.000000
青舍客国际青年社区,121.400946,31.455466,0.000000
盛桥一村29幢,121.400018,31.454506,0.000000
盛桥一、二村,121.399949,31.453631,0.000000
东滩花园,121.827792,31.455628,0.000000
上实瑞慈花园(建设中),121.867731,31.455047,0.000000
向东岛花园,121.165785,31.458280,0.000000
新竹小区,121.395592,31.456284,0.000000
宅一天轰趴别墅(崇明东滩花园店),121.834738,31.457047,0.000000
景湖五区,121.172173,31.461119,0.000000
何家宅,121.317420,31.461730,0.000000
印象钢谷,121.348456,31.459215,0.000000
崇明・三湘森林海尚,121.825211,31.461701,0.000000
润业玲珑湾,121.167254,31.464519,0.000000
嘉唐公路2570弄小区,121.237647,31.463387,0.000000
鼎立高尔夫花园,121.235744,31.464525,0.000000
沁园居委综合文化活动室,121.239548,31.464652,0.000000
旭辉城,121.345862,31.464528,0.000000
罗泾镇三桥村公共服务中心,121.367170,31.463215,0.000000
览海国际高尔夫社区,121.817482,31.462220,0.000000
百草园,121.815565,31.464066,0.000000
玲珑湾,121.166608,31.465579,0.000000
景湖1区,121.171193,31.467113,0.000000
中宝格林名邸,121.174348,31.465053,0.000000
宗艺花园,121.180782,31.466188,0.000000
沁园新,121.233509,31.465943,0.000000
锦洋华园,121.234590,31.466073,0.000000
华亭镇沁园居委沁园二村,121.239657,31.465106,0.000000
沁园二,121.239473,31.466064,0.000000
旭辉澜悦湾,121.344747,31.467187,0.000000
旭辉城,121.345862,31.464528,0.000000
金茂逸墅,121.799591,31.467096,0.000000
保亿风景水岸,121.807592,31.466272,0.000000
陈家镇滨江生态休闲运动居住社区3号地块1期,121.808993,31.466950,0.000000
陈家镇滨江生态休闲运动居住社区3号地块一期(保亿风景水岸花园),121.808993,31.466951,0.000000
横沥佳苑小区,121.157602,31.469988,0.000000
超桂佳苑,121.161882,31.469297,0.000000
景湖2区,121.168318,31.468624,0.000000
景湖花苑三区6号楼,121.168337,31.469765,0.000000
景湖花苑二区2号楼,121.169839,31.468825,0.000000
景湖花苑二区6号楼,121.169160,31.468482,0.000000
白云渡公寓,121.180004,31.467866,0.000000
白云渡花园别墅,121.181308,31.468409,0.000000
绿洲华亭茗苑,121.238592,31.467885,0.000000
袁家桥居委河东楼小区,121.280588,31.468739,0.000000
旭辉澜悦湾43号楼,121.344728,31.468175,0.000000
旭辉澜悦湾47号楼,121.345422,31.468591,0.000000
旭辉澜悦湾48号楼,121.345333,31.468575,0.000000
旭辉澜悦湾20幢,121.345558,31.468157,0.000000
奥森尚东,121.161816,31.472280,0.000000
横沥工业小区,121.163598,31.471219,0.000000
景湖花苑,121.166924,31.470689,0.000000
景湖花苑4区,121.166922,31.470681,0.000000
景湖3区,121.168645,31.470308,0.000000
太仓金湾名邸,121.181044,31.472529,0.000000
娄东街道陆渡社区老年活动室,121.185714,31.470122,0.000000
东城花苑一园1号楼,121.189356,31.471672,0.000000
东城花苑一园3号楼,121.189681,31.471142,0.000000
东城花苑一园4号楼,121.190185,31.471036,0.000000
东城花苑一园10号楼,121.189835,31.472431,0.000000
东城花苑一园2号楼,121.190436,31.472458,0.000000
东城花苑一园7号楼,121.190314,31.472659,0.000000
东城花苑一园13号楼,121.190014,31.472801,0.000000
东城花园1区,121.190206,31.471968,0.000000
东城花苑六园,121.194014,31.471586,0.000000
袁家桥社区,121.280060,31.470957,0.000000
阳光公寓,121.185450,31.472948,0.000000
东城花苑一园21号楼,121.190050,31.473343,0.000000
东城花苑一园22号楼,121.189909,31.473278,0.000000
东城花苑一园23号楼,121.189744,31.473202,0.000000
东城花苑一园24号楼,121.189582,31.473129,0.000000
东城花苑一园16号楼,121.190176,31.473151,0.000000
东城花苑一园17号楼,121.190039,31.473088,0.000000
东城花苑一园18号楼,121.189867,31.472999,0.000000
东城花苑一园19号楼,121.189707,31.472914,0.000000
东城花苑一园12号楼,121.190179,31.472874,0.000000
东城花苑八园,121.192238,31.472959,0.000000
映子园,121.190977,31.473256,0.000000
东方雅苑4幢,121.192098,31.475431,0.000000
东方雅苑1幢,121.191112,31.475574,0.000000
信达北苑,121.323077,31.474001,0.000000
御园山庄,121.163363,31.476208,0.000000
御园山庄,121.163363,31.476208,0.000000
东方雅苑2幢,121.190829,31.476024,0.000000
东方雅苑,121.191592,31.476092,0.000000
东城花园,121.194679,31.476263,0.000000
东城花园2区,121.195787,31.475876,0.000000
东城花苑四园51号楼,121.198304,31.477023,0.000000
东城花苑四园57号楼,121.199125,31.477554,0.000000
东城花苑四园48号楼,121.199025,31.477984,0.000000
东城花苑四园112号楼,121.200207,31.477075,0.000000
东城花苑四园86号楼,121.199887,31.477445,0.000000
东城花苑四园71号楼,121.199376,31.477415,0.000000
东城花苑四园76号楼,121.199246,31.477222,0.000000
华亭佳苑,121.280108,31.477330,0.000000
海上御景苑4期,121.321601,31.477812,0.000000
海上御景苑3期,121.322545,31.476582,0.000000
北郊壹号,121.323750,31.477114,0.000000
绿中海雅苑,121.805735,31.475773,0.000000
东城花苑五园,121.200497,31.478676,0.000000
东城花苑七园,121.204572,31.480295,0.000000
海上御景苑1期,121.322125,31.478624,0.000000
海上御景苑,121.323252,31.479126,0.000000
海上御景苑5期,121.323761,31.480355,0.000000
宝虹家园,121.328241,31.480042,0.000000
联达集宿区,121.183296,31.482198,0.000000
联一村社区服务中心,121.297375,31.481350,0.000000
美兰金色宝邸,121.328909,31.482678,0.000000
宝祥新苑,121.332123,31.481886,0.000000
陈川路168弄小区,121.336202,31.481448,0.000000
陈川新村,121.336383,31.482199,0.000000
陈东新苑,121.340411,31.482025,0.000000
海星村杨南宅,121.351894,31.482973,0.000000
恒杰丁香花园,121.826954,31.481823,0.000000
上海两港装饰城公寓,121.263923,31.485624,0.000000
罗宁雅苑,121.321064,31.486191,0.000000
宝平苑,121.324778,31.485177,0.000000
信达蓝庭,121.326955,31.486396,0.000000
阀门新村,121.339268,31.484431,0.000000
新区红枫小区,121.174451,31.488186,0.000000
新区珠江小区,121.197005,31.487301,0.000000
联一村社区活动中心,121.298003,31.486634,0.000000
宝悦家苑,121.322796,31.487903,0.000000
宝通家园(潘新路),121.325430,31.489906,0.000000
宝通家园(潘泾路),121.327992,31.489955,0.000000
东滩豫翠苑,121.803300,31.494320,0.000000
山海御庭苑,121.273288,31.500263,0.000000
上海陈家镇裕安经济小区,121.803576,31.499924,0.000000
浏河金建小区,121.262908,31.502392,0.000000
闸南小区,121.281532,31.500407,0.000000
天康雅居,121.257521,31.505094,0.000000
天康雅居2号楼,121.257730,31.504519,0.000000
天康雅居3号楼,121.257529,31.504744,0.000000
天康雅居5号楼,121.257449,31.505067,0.000000
天兰苑1幢,121.259316,31.504075,0.000000
天康雅居4号楼,121.257252,31.504913,0.000000
港湾・东方华庭,121.258115,31.505479,0.000000
安莱房产,121.262062,31.504094,0.000000
天竺苑,121.259886,31.504747,0.000000
天竺苑2号楼,121.260095,31.504023,0.000000
天竺苑9号楼,121.260040,31.505140,0.000000
天兰苑2幢,121.260010,31.503642,0.000000
高成上海假日花苑,121.253494,31.507747,0.000000
太仓浏西一村小区,121.259815,31.507073,0.000000
闸北村,121.262846,31.507248,0.000000
迎福新村,121.266391,31.506124,0.000000
中兴镇爱国村公共服务中心,121.762956,31.508327,0.000000
汇达房产,121.259642,31.509776,0.000000
天熙公寓,121.258585,31.510172,0.000000
康庄小区,121.259898,31.509530,0.000000
闸北新村,121.263329,31.511396,0.000000
东海一村16幢,121.267705,31.509306,0.000000
金裕家园,121.266103,31.509723,0.000000
东海一村,121.268730,31.510102,0.000000
东海一村11幢,121.268252,31.509847,0.000000
杨家村,121.269985,31.509302,0.000000
天熙苑11号楼,121.270524,31.510770,0.000000
天熙苑,121.270841,31.510112,0.000000
东海二村,121.271658,31.511262,0.000000
东海二村12幢,121.272102,31.510773,0.000000
天熙苑3号楼,121.270998,31.509615,0.000000
天熙苑10号楼,121.271035,31.510574,0.000000
高成上海假日,121.252005,31.511855,0.000000
高成上海假日268号楼,121.251622,31.513070,0.000000
管家房产,121.254305,31.511826,0.000000
听海雅苑,121.255798,31.512010,0.000000
瑞安御景苑,121.261978,31.513389,0.000000
瑞安御景苑19号楼,121.262792,31.513180,0.000000
瑞安御景苑20号楼,121.262812,31.513230,0.000000
北上海・假日花园,121.265664,31.512723,0.000000
汇金坊,121.271604,31.512797,0.000000
中瑞・府前嘉苑西区,121.271976,31.514067,0.000000
中瑞・府前嘉苑X5幢,121.271519,31.514098,0.000000
中瑞府前嘉苑,121.271416,31.514074,0.000000
汇金坊102号楼,121.271427,31.513043,0.000000
高正・东城新座,121.273749,31.513473,0.000000
前哨轻纺小区,121.904161,31.512820,0.000000
太仓高成・上海假日3期,121.250609,31.514755,0.000000
高成上海假日花苑238栋,121.250609,31.515435,0.000000
高成上海假日花苑236栋,121.249879,31.514495,0.000000
高成上海假日三期265栋,121.249263,31.516378,0.000000
远洋广场,121.270517,31.516591,0.000000
假日时光花苑,121.268575,31.514991,0.000000
博海・滨江尚城,121.269013,31.516180,0.000000
中瑞・府前嘉苑X7幢,121.271472,31.514314,0.000000
中瑞府前嘉苑东区,121.274509,31.514995,0.000000
紫薇苑4区,121.258068,31.519146,0.000000
紫薇苑209幢,121.258894,31.519251,0.000000
紫薇苑204幢,121.258505,31.519622,0.000000
紫薇苑203幢,121.257535,31.519532,0.000000
紫薇苑202幢,121.257741,31.519616,0.000000
东方花园,121.271229,31.518725,0.000000
浙建・滨江丽都,121.275019,31.518317,0.000000
裕鸿佳苑南2区,121.838141,31.519735,0.000000
紫薇苑三区,121.251201,31.520180,0.000000
紫微苑2区,121.252128,31.520695,0.000000
紫薇苑二区136幢,121.252475,31.520832,0.000000
银河湾花园,121.254034,31.520356,0.000000
紫薇苑1区,121.256621,31.521548,0.000000
紫薇苑32幢,121.255917,31.521135,0.000000
紫薇苑38幢,121.255161,31.521130,0.000000
紫薇苑40幢,121.255394,31.520657,0.000000
紫薇苑31幢,121.255840,31.521533,0.000000
紫薇苑34幢,121.256129,31.520618,0.000000
紫薇苑30幢,121.255754,31.521793,0.000000
紫薇苑35幢,121.256383,31.520414,0.000000
紫薇苑20幢,121.255443,31.522363,0.000000
紫薇苑24幢,121.254925,31.522275,0.000000
紫薇苑,121.256740,31.521787,0.000000
钱泾新村,121.262178,31.520928,0.000000
东方花园1区,121.274558,31.519859,0.000000
裕鸿佳苑西区,121.832062,31.522486,0.000000
裕鸿佳苑,121.834130,31.520984,0.000000
裕鸿佳苑南1区,121.841928,31.521907,0.000000
紫薇苑22幢,121.254834,31.522960,0.000000
紫薇苑23幢,121.254863,31.522597,0.000000
紫薇苑27幢,121.254347,31.522442,0.000000
裕鸿佳苑北1区,121.834821,31.524282,0.000000
陈家镇社区文化活动中心,121.838124,31.524403,0.000000
裕鸿佳苑东区,121.846341,31.522863,0.000000
金岳家园,121.247158,31.525656,0.000000
碧桂园招商凤凰城(建设中),121.291367,31.526991,0.000000
堡镇南路公房,121.606107,31.526962,0.000000
向民新村,121.717940,31.526890,0.000000
裕鸿佳苑北2区,121.846556,31.525361,0.000000
前哨四,121.864280,31.527465,0.000000
前哨一,121.871278,31.526691,0.000000
前哨东苑新村,121.874981,31.527389,0.000000
天明新村,121.609552,31.528717,0.000000
安寿新村,121.856606,31.529167,0.000000
前哨二,121.869979,31.528414,0.000000
玉峰新村,121.607967,31.531461,0.000000
光明社区,121.609581,31.532729,0.000000
裕鸿小区,121.831386,31.532904,0.000000
龙汇公寓,121.849865,31.532333,0.000000
岳南小区,121.159333,31.536097,0.000000
玉屏新村,121.608294,31.536748,0.000000
向阳一村,121.610305,31.537885,0.000000
蓝凤新村,121.613938,31.537704,0.000000
兰凤小区,121.615145,31.537745,0.000000
生产弄小区,121.615570,31.538512,0.000000
石岛苑,121.617961,31.536753,0.000000
向阳新村,121.611821,31.540106,0.000000
天盟房产(堡镇中路),121.616715,31.541637,0.000000
虹宝苑,121.623645,31.540630,0.000000
友谊新村(邮电路),121.615549,31.543299,0.000000
电业新村,121.618825,31.542288,0.000000
电业新(堡镇中路),121.618834,31.542321,0.000000
堡镇镇堡镇北路361号,121.618026,31.543655,0.000000
汇秀苑,121.617563,31.544266,0.000000
云海大楼,121.619655,31.543958,0.000000
博园(大通路),121.620495,31.542313,0.000000
太仓港城之家,121.155062,31.545140,0.000000
崇明县社会保险堡镇社区服务站,121.620006,31.545219,0.000000
中海大楼,121.618628,31.545393,0.000000
新建社区,121.158726,31.551555,0.000000
前哨五村,121.853814,31.555485,0.000000
富民新村68号楼,121.258316,31.556394,0.000000
觉莲净苑,121.722020,31.555563,0.000000
朝阳新村,121.262994,31.560012,0.000000
港晨之家,121.203769,31.561871,0.000000
沪太锦苑,121.212560,31.561503,0.000000
新港花苑,121.242849,31.563261,0.000000
富桥集宿区,121.253674,31.563118,0.000000
上海春天,121.248819,31.563988,0.000000
甸芳,121.249078,31.564083,0.000000
碧瀛小区,121.577911,31.566432,0.000000
富源花苑,121.514389,31.579501,0.000000
馨苑新村,121.516180,31.579195,0.000000
新河住宅区,121.517256,31.581339,0.000000
望江花园(七丫路),121.197525,31.585576,0.000000
绿舟星城2期,121.514640,31.584971,0.000000
新市苑,121.516314,31.583924,0.000000
明珠花园西区,121.191699,31.588077,0.000000
海韵花园,121.202256,31.586382,0.000000
绿舟星城,121.516928,31.586379,0.000000
富景名城,121.522492,31.586185,0.000000
上海港沿经济小区管理委员会,121.649719,31.586687,0.000000
崇明区奶牛养殖小区,121.848852,31.587605,0.000000
明珠花园,121.196385,31.588682,0.000000
明珠花园东区,121.196095,31.588933,0.000000
东方信息苑,121.652098,31.589840,0.000000
康居花园,121.188899,31.591379,0.000000
荷池花园,121.195037,31.592303,0.000000
和平新村,121.212274,31.591828,0.000000
佳慧苑,121.656170,31.591309,0.000000
新城花园(南环路),121.183058,31.596171,0.000000
和平小区,121.212853,31.596296,0.000000
六尺社区东,121.217712,31.596099,0.000000
和平花园55号楼,121.209254,31.597648,0.000000
和平花园60号楼,121.207986,31.597964,0.000000
和平花园56号楼,121.208293,31.597437,0.000000
和平花园52号楼,121.209196,31.597316,0.000000
和平花园48号楼,121.209832,31.597751,0.000000
和平花园53号楼,121.208411,31.597148,0.000000
和平花园54号楼,121.207691,31.596992,0.000000
和平花园51号楼,121.207742,31.596688,0.000000
和平花园49号楼,121.209270,31.597335,0.000000
和平花园,121.212442,31.598531,0.000000
和平花园2期,121.211937,31.597923,0.000000
和平花园46号楼,121.211653,31.598197,0.000000
和平花园42号楼,121.211138,31.597786,0.000000
和平花园47号楼,121.211051,31.598072,0.000000
和平花园37号楼,121.211280,31.597491,0.000000
和平花园62号楼,121.210817,31.598457,0.000000
和平花园44号楼,121.212571,31.598351,0.000000
和平花园40号楼,121.212733,31.598088,0.000000
和平花园67号楼,121.210784,31.598751,0.000000
和平花园64号楼,121.212405,31.598816,0.000000
和平花园70号楼,121.211895,31.599096,0.000000
和平花园69号楼,121.212392,31.599121,0.000000
和平花园76号楼,121.210738,31.599310,0.000000
和平花园36号楼,121.212054,31.597649,0.000000
和平花园39号楼,121.213212,31.598176,0.000000
和平花园20号楼,121.214250,31.599089,0.000000
和平花园13号楼,121.215281,31.598924,0.000000
和平花园3号楼,121.215370,31.598358,0.000000
和平花园19号楼,121.215137,31.599382,0.000000
和平花园6号楼,121.216328,31.598842,0.000000
和平花园11号楼,121.216753,31.599238,0.000000
和平花园7号楼,121.215918,31.598763,0.000000
和平花园12号楼,121.216241,31.599143,0.000000
和平花园2号楼,121.216208,31.598543,0.000000
和平花园85号楼,121.211271,31.599914,0.000000
和平花园80号楼,121.211291,31.599635,0.000000
和平花园81号楼,121.210714,31.599591,0.000000
和平花园28号楼,121.214025,31.599944,0.000000
和平花园26号楼,121.214100,31.599659,0.000000
和平花园23号楼,121.214166,31.599388,0.000000
和平花园22号楼,121.214787,31.599522,0.000000
和平花园19号楼,121.215137,31.599382,0.000000
和平花园15号楼,121.216690,31.599508,0.000000
和平花园16号楼,121.216054,31.599400,0.000000
和平花园17号楼,121.216038,31.599533,0.000000
乃德路小区,121.213606,31.603496,0.000000
滨江名都,121.217670,31.612238,0.000000
上上海花城,121.215074,31.613441,0.000000
富民苑(草港公路),121.593626,31.615443,0.000000
嘉实・港区菁英公寓,121.191121,31.618123,0.000000
港城邻里中心,121.207277,31.617909,0.000000
公园郡,121.208733,31.616838,0.000000
港湾新城,121.207848,31.617309,0.000000
绿地新都会,121.416354,31.617258,0.000000
竖新镇社区,121.593495,31.618086,0.000000
花漫九里别墅,121.209326,31.619739,0.000000
八一路崇安路住宅小区,121.391191,31.619557,0.000000
崇安路7幢1-2号,121.391144,31.619835,0.000000
八一路42幢1-2号,121.390945,31.619289,0.000000
八一路84幢,121.390929,31.620266,0.000000
南门路住宅小区,121.393001,31.620214,0.000000
南门路75幢1-5号,121.392711,31.620233,0.000000
南门路65幢1-4号,121.393499,31.620161,0.000000
南门路55幢1-2号,121.394136,31.620025,0.000000
南门路73幢1-5号,121.392698,31.620080,0.000000
南门路83幢1-3号,121.391990,31.620132,0.000000
南门路85幢1-3号,121.392000,31.620300,0.000000
新崇南路小区,121.395490,31.620945,0.000000
新崇南路小区35-1号,121.395299,31.620580,0.000000
新崇南路小区35-2号,121.395387,31.620916,0.000000
学宫新村24号楼,121.398454,31.621171,0.000000
学宫新村23号楼,121.398256,31.621175,0.000000
绿地H-town,121.418100,31.619670,0.000000
西门南村,121.385592,31.623845,0.000000
新崇中路住宅小区,121.388489,31.623603,0.000000
新崇中路住宅小区西区,121.388522,31.623521,0.000000
新崇社区,121.388182,31.622259,0.000000
西门路5幢,121.387275,31.622683,0.000000
西门路49幢,121.387217,31.622378,0.000000
西门路81幢,121.387337,31.622992,0.000000
西门路33幢,121.387152,31.622088,0.000000
西门路5幢1-1号,121.387245,31.621521,0.000000
西门路95幢,121.387385,31.623306,0.000000
西门路105幢,121.387580,31.623625,0.000000
西门路115幢,121.387616,31.623888,0.000000
新崇中路住宅小区东区,121.390276,31.622507,0.000000
陈仓门弄小区,121.390247,31.623784,0.000000
新崇南路40幢1-3号,121.391409,31.622061,0.000000
南门村5幢,121.389283,31.621999,0.000000
富民街小区,121.393992,31.623120,0.000000
富民街27幢1-2号,121.392137,31.623714,0.000000
富民街20幢1-2号,121.392441,31.623001,0.000000
兴贤街12号,121.393311,31.622145,0.000000
新崇南路12幢1-3号,121.392759,31.621915,0.000000
富民街28幢1-2号,121.392583,31.623658,0.000000
富民街25幢,121.392122,31.623570,0.000000
浩倩房产(新崇南路),121.395672,31.621726,0.000000
沁园村小区,121.395916,31.622665,0.000000
新崇南路小区35-3号,121.395437,31.621255,0.000000
沁园村小区16号,121.395676,31.623104,0.000000
沁园村小区9号,121.396130,31.623265,0.000000
沁园村小区10号,121.396029,31.623321,0.000000
沁园村小区17号,121.395757,31.623447,0.000000
沁园村小区13号,121.396234,31.623460,0.000000
沁园村小区11号,121.396399,31.623441,0.000000
沁园村小区12号,121.396352,31.623482,0.000000
新崇东路58弄1-2号,121.395777,31.621614,0.000000
就好医用宣传中心(NO.SH001),121.394677,31.623576,0.000000
学宫小区,121.399128,31.621592,0.000000
学宫新村42号,121.398137,31.621889,0.000000
学宫新村30号,121.398535,31.621665,0.000000
欣颖置业,121.397330,31.622612,0.000000
学宫新村,121.399634,31.622837,0.000000
学宫新村28幢,121.398470,31.621489,0.000000
湄洲新村西区,121.402371,31.622513,0.000000
湄州社区,121.403454,31.622602,0.000000
湄洲新村东区,121.404702,31.621624,0.000000
华湄大楼,121.404611,31.623366,0.000000
湄洲一村,121.402887,31.621510,0.000000
湄洲新村,121.403765,31.622122,0.000000
瀛通金鳌山公寓-别墅,121.429382,31.623695,0.000000
观潮新村,121.382737,31.624465,0.000000
西门南村小区-18幢1号,121.385577,31.624391,0.000000
西门南村小区17幢1号,121.385503,31.624117,0.000000
西门南村小区20幢1号,121.385214,31.624167,0.000000
西门南村25号1号楼,121.385920,31.625404,0.000000
西门南村小区-2幢1号,121.387748,31.624755,0.000000
西门南村小区5幢1号,121.387215,31.624945,0.000000
西门南村小区7幢1号,121.386958,31.625047,0.000000
西门南村小区4幢1号,121.387497,31.624863,0.000000
西门路127幢,121.387056,31.624350,0.000000
西门路125幢,121.387671,31.624199,0.000000
西门南村9幢,121.386316,31.624170,0.000000
西门南村1号楼,121.387749,31.624754,0.000000
新崇西路住宅小区,121.390040,31.626553,0.000000
吴家弄小区,121.390823,31.625676,0.000000
管弄16幢1-3号,121.393935,31.624868,0.000000
富民街30幢1-2号,121.392511,31.623962,0.000000
新崇中路158幢1-2号,121.392044,31.624005,0.000000
人民路141幢1-2号,121.391650,31.624215,0.000000
管弄小区,121.394533,31.626488,0.000000
酱园弄小区102幢1-3号,121.396596,31.624671,0.000000
酱园弄小区-104幢1-3号,121.396621,31.624924,0.000000
花园弄社区,121.394860,31.623987,0.000000
酱园弄小区,121.396433,31.625527,0.000000
城中住宅区,121.394364,31.625467,0.000000
管弄26幢1-2号,121.394448,31.625512,0.000000
管弄46幢1-3号,121.395002,31.626691,0.000000
管弄44幢1-3号,121.394331,31.626558,0.000000
酱园弄104幢,121.396651,31.625005,0.000000
酱园弄115幢,121.395498,31.626454,0.000000
寒山寺路新村,121.399339,31.625537,0.000000
寒山寺路678幢1-3号,121.398418,31.625509,0.000000
寒山寺路588号,121.399594,31.625399,0.000000
寒山寺路688幢1-2号,121.398597,31.625739,0.000000
寒山寺路358号1-3号,121.398973,31.625309,0.000000
江山新村南区,121.401163,31.626349,0.000000
寒山寺路234幢3号楼1-2号,121.400063,31.625531,0.000000
寒山寺路234幢1号楼1-2号,121.400000,31.624935,0.000000
江山新村1617号楼,121.400328,31.626663,0.000000
江山新村1618号楼,121.400254,31.626691,0.000000
江山新村1619号楼,121.400224,31.626701,0.000000
城桥镇社区文化活动中心,121.407216,31.625489,0.000000
瀛通金鳌山公寓,121.427565,31.626586,0.000000
江海名都,121.430291,31.625175,0.000000
普洛斯太仓物流园,121.221792,31.627155,0.000000
姚家村,121.381858,31.627101,0.000000
人民路公房,121.381978,31.627064,0.000000
西门北村,121.385506,31.628095,0.000000
西门北村西区,121.383913,31.628454,0.000000
西门北村58号,121.385260,31.627159,0.000000
西门北村83号楼,121.385051,31.628565,0.000000
西门北村49号楼,121.385827,31.626814,0.000000
西门北村7号楼,121.387971,31.626943,0.000000
西门北村30号楼,121.387366,31.627473,0.000000
西门北村东区12幢1号,121.388647,31.628010,0.000000
西门北村东区17幢1号,121.388548,31.628545,0.000000
西门北村32号楼,121.387056,31.627334,0.000000
西门北村东区,121.386488,31.627154,0.000000
西门北村13幢号楼,121.388636,31.628244,0.000000
八一路599号8幢1-2号,121.391335,31.629016,0.000000
崇明艺术家社区,121.393559,31.629197,0.000000
八一路599号1幢1-2号,121.391990,31.629011,0.000000
北门一村19幢1-3号楼,121.392659,31.627297,0.000000
八一路599号2幢1-2号,121.391497,31.628783,0.000000
北门一村,121.392910,31.627619,0.000000
北门社区,121.396524,31.626951,0.000000
北门一村1幢1-2号楼,121.396182,31.627314,0.000000
北门二村12幢,121.396809,31.627678,0.000000
北门二村14幢1-2号,121.396853,31.627549,0.000000
管弄50幢1-2号,121.394261,31.626806,0.000000
北门一村4号楼,121.395733,31.627622,0.000000
北门一村8号楼,121.395255,31.627757,0.000000
北门一村2号楼,121.396228,31.627586,0.000000
北门一村13号楼,121.394604,31.627881,0.000000
北门一村5号楼,121.395191,31.627019,0.000000
北门二村,121.397299,31.627175,0.000000
北门二村8号1-2号,121.397343,31.627499,0.000000
北门二村5号1-2号,121.397238,31.626716,0.000000
东门小区1号,121.402337,31.627830,0.000000
东门小区29号,121.402133,31.628202,0.000000
东门小区24号,121.402277,31.627634,0.000000
东门小区27号,121.402115,31.627845,0.000000
东门小区26号,121.402296,31.627784,0.000000
东门小区28号,121.402104,31.627977,0.000000
东门小区23号,121.402230,31.627444,0.000000
江山新村28号1-1号,121.402005,31.627902,0.000000
江山新村北区30号楼,121.402091,31.628278,0.000000
江山新村北区27号楼,121.402083,31.627736,0.000000
江山新村19号1-1号,121.402315,31.628062,0.000000
江山新村17号1-1号,121.402300,31.627851,0.000000
江山新村1609号楼,121.401015,31.626863,0.000000
江山新村南区-1612号楼,121.400949,31.626993,0.000000
江山新村1626号楼,121.400174,31.626971,0.000000
江山新村1623号楼,121.400076,31.626943,0.000000
江山新村北区16号楼1-1号,121.402391,31.627841,0.000000
江山新村1622号楼,121.400074,31.626821,0.000000
东门新村30幢,121.402215,31.628362,0.000000
东门新村19幢,121.402395,31.628129,0.000000
东门小区16号,121.402577,31.627947,0.000000
东门小区10号,121.402983,31.628130,0.000000
东门小区11号,121.402739,31.628152,0.000000
东门小区8号,121.402917,31.628027,0.000000
东门小区13号,121.402842,31.628333,0.000000
东门小区5号,121.402562,31.627727,0.000000
江山新村-北区,121.402606,31.628854,0.000000
江山新村67号楼,121.403289,31.628763,0.000000
江山新村北区11幢,121.402774,31.628119,0.000000
江山新村69号1-3号,121.403298,31.629191,0.000000
江山新村70号1-3号,121.403420,31.629438,0.000000
东门新村6幢,121.402839,31.627862,0.000000
东门新村18幢,121.402603,31.628133,0.000000
东门新村4幢,121.402739,31.627744,0.000000
东门新村20幢,121.402630,31.628313,0.000000
东门新村2幢,121.402721,31.627603,0.000000
江山社区,121.408270,31.626878,0.000000
绿地瀛洲名邸西区,121.423544,31.629470,0.000000
绿地新都会上海崇明,121.424080,31.627104,0.000000
绿地曼哈顿2期,121.424363,31.629034,0.000000
绿地瀛洲名邸东区,121.424982,31.628660,0.000000
海岛星城,121.433045,31.628092,0.000000
合生伴海别墅(建设中),121.190417,31.630639,0.000000
城桥镇北门路390号,121.386606,31.629767,0.000000
永凤花园-3幢1号,121.386691,31.630033,0.000000
永凤花园-5幢1-2号,121.386297,31.630142,0.000000
永凤花园8幢1-4号,121.387178,31.629547,0.000000
永凤花园1幢1-4号,121.386348,31.629825,0.000000
新世纪花苑2号楼,121.386707,31.631954,0.000000
新世纪花苑(崇明中街山路),121.387163,31.631712,0.000000
永凤花园,121.386949,31.630240,0.000000
城桥镇酱园弄,121.393346,31.629877,0.000000
城桥镇吴家弄,121.393346,31.629876,0.000000
宝岛世纪园,121.391956,31.630266,0.000000
嘉年花苑西区,121.396882,31.631975,0.000000
嘉年花苑,121.398166,31.631904,0.000000
东门新村(玉环路),121.401613,31.632042,0.000000
东门新村19幢1号,121.401507,31.631644,0.000000
东门新村32幢1号,121.400537,31.631979,0.000000
东门新村26幢,121.400994,31.630889,0.000000
东门新村27幢,121.400631,31.631152,0.000000
江山新村,121.402869,31.629755,0.000000
江山新村65号楼,121.403709,31.630016,0.000000
玉环新村2幢,121.404907,31.630597,0.000000
江山新村北区66号楼1-3号,121.403457,31.630226,0.000000
江山新村72号1-4号,121.402958,31.629881,0.000000
江山新村北区71号楼1-3号,121.403534,31.629673,0.000000
玉环新村12幢,121.405143,31.631901,0.000000
玉环新村,121.404385,31.631338,0.000000
达安新廷,121.406186,31.630402,0.000000
玉环新村7幢,121.405287,31.631354,0.000000
天赐景城,121.407347,31.631873,0.000000
小区门口消防通道严禁停车,121.409893,31.629844,0.000000
达安御廷,121.409732,31.631190,0.000000
达安・御廷花园售楼中心,121.409069,31.631890,0.000000
绿地曼哈顿,121.420467,31.631451,0.000000
绿地曼哈顿西区,121.420467,31.631451,0.000000
绿地翠府名邸,121.420319,31.631019,0.000000
绿地曼哈顿(中区),121.421877,31.630649,0.000000
绿地瀛洲名邸,121.424384,31.630093,0.000000
绿地瀛洲名苑,121.421856,31.630494,0.000000
东亚威尼斯公馆,121.426704,31.630515,0.000000
新城明月苑,121.430335,31.630337,0.000000
金日东苑,121.436686,31.631493,0.000000
舒怡楼,121.385507,31.634532,0.000000
怡祥居(西引路),121.385250,31.634550,0.000000
金月湾,121.388651,31.633462,0.000000
金月湾小区2,121.389530,31.633181,0.000000
金月湾小区-1,121.389530,31.633181,0.000000
广安苑住宅小区,121.393472,31.633058,0.000000
广安苑2期,121.394041,31.633605,0.000000
小西泯沟9幢,121.392655,31.633143,0.000000
小西泯沟7幢,121.392896,31.633029,0.000000
小西泯沟5幢,121.392568,31.632915,0.000000
城桥镇中津桥路商品住宅,121.399298,31.634535,0.000000
东门新村2期,121.401710,31.633362,0.000000
东门新村9幢,121.402227,31.632398,0.000000
金日西苑,121.432773,31.634587,0.000000
怡祥居西苑,121.382611,31.635863,0.000000
小港小区7幢,121.393074,31.636771,0.000000
小港小区16幢,121.392221,31.636856,0.000000
小港小区18幢,121.392287,31.637082,0.000000
小港小区17幢,121.392032,31.637009,0.000000
小港小区13幢,121.393064,31.637607,0.000000
小港小区19幢,121.392233,31.637294,0.000000
小港新村,121.392815,31.637469,0.000000
小港新村21幢1-3号,121.392279,31.637665,0.000000
玉麟名邸,121.399701,31.635425,0.000000
泥趣苑,121.403026,31.637479,0.000000
亚通水岸景苑,121.408099,31.635822,0.000000
育麟花苑,121.411304,31.636767,0.000000
育麟花苑5号楼,121.412089,31.636235,0.000000
东江小区7号,121.429077,31.636141,0.000000
东江小区9号,121.429114,31.636669,0.000000
东江小区6号,121.429158,31.636102,0.000000
小港小区15幢,121.393094,31.637884,0.000000
小港小区23幢,121.392888,31.638008,0.000000
甘霖坊,121.396170,31.638968,0.000000
东苑新村,121.604834,31.640127,0.000000
利民路公房,121.397682,31.640903,0.000000
明珠花苑(湄洲路),121.407730,31.641549,0.000000
中瀛3号,121.391560,31.645426,0.000000
裕苑,121.394789,31.643699,0.000000
前进农场海燕新村,121.597592,31.644526,0.000000
文宸花苑,121.404192,31.647349,0.000000
金珠花苑,121.406861,31.645972,0.000000
中瀛建德苑,121.407309,31.647222,0.000000
海鸥新村,121.594890,31.648284,0.000000
海鸥二村,121.597750,31.647286,0.000000
新海102号,121.374761,31.650842,0.000000
明南佳苑,121.420362,31.650106,0.000000
西苑新村(湘东路),121.579274,31.649810,0.000000
东方社区信息苑(建设苑),121.450871,31.656487,0.000000
运南经济小区,121.472248,31.654363,0.000000
上海建设经济小区,121.450695,31.662415,0.000000
元件四村,121.533170,31.671335,0.000000
元件二村,121.533329,31.672019,0.000000
元件四村8号楼,121.533248,31.671467,0.000000
元件四村7号楼,121.533383,31.671447,0.000000
元件四村9号楼,121.533095,31.671487,0.000000
元件四村5号楼,121.533245,31.671265,0.000000
元件四村4号楼,121.533352,31.671254,0.000000
元件四村6号楼,121.533063,31.671294,0.000000
元件四村1号楼,121.533304,31.671069,0.000000
元件四村3号楼,121.533019,31.671108,0.000000
仪表南村,121.533619,31.672763,0.000000
明华二村,121.534798,31.671508,0.000000
明华一村,121.535180,31.673387,0.000000
长晶新村,121.533823,31.673843,0.000000
综合新村,121.534651,31.678037,0.000000
长江二村,121.532120,31.677256,0.000000
基建新村,121.535199,31.677793,0.000000
庙镇社区,121.361489,31.681423,0.000000
风伟二村,121.485431,31.679752,0.000000
风伟新村,121.486228,31.679389,0.000000
东平镇公共服务综合服务社,121.536163,31.680865,0.000000
玫瑰苑,121.478148,31.682636,0.000000
永兴小区,121.350965,31.688078,0.000000
宏达村社区服务中心,121.368042,31.688401,0.000000
风伟二村,121.448556,31.696789,0.000000
盘西村长生1213,121.396682,31.700085,0.000000
盘西村长生1297,121.396712,31.700297,0.000000
盘西村长生1211,121.397735,31.699333,0.000000
盘西村长生1203,121.398483,31.698785,0.000000
协西村协南307,121.405648,31.699931,0.000000
协西村协南508,121.404191,31.701097,0.000000
寅南小区,121.857512,31.702085,0.000000
东风新村,121.489224,31.704904,0.000000
华盛新村,121.491052,31.706014,0.000000
利民新村,121.480753,31.708011,0.000000
东风农场东风三村,121.490383,31.708643,0.000000
东风新村一村2号楼,121.490149,31.708007,0.000000
寅北小区16号楼,121.854475,31.712204,0.000000
寅北小区15号楼,121.854347,31.712193,0.000000
富利来新村小区,121.859765,31.711537,0.000000
东风二村小区,121.488535,31.713029,0.000000
寅北小区,121.856629,31.713215,0.000000
寅北小区10号楼,121.855009,31.712916,0.000000
寅北小区11号楼,121.855293,31.712548,0.000000
东升公寓,121.860891,31.712440,0.000000
杨南新村小区,121.448897,31.715460,0.000000
崇明庙镇为民,121.344199,31.717589,0.000000
庙镇小区,121.345096,31.719909,0.000000
海欣花苑,121.789051,31.722067,0.000000
恒大海上威尼斯,121.926097,31.721319,0.000000
全国科普教育基地前卫多功能活动中心,121.508366,31.728351,0.000000
碧桂园十里外滩(建设中),121.575284,31.732717,0.000000
翠堤春晓,121.221242,31.735054,0.000000
胜狮员工公寓,121.688886,31.736855,0.000000
宋石小区,121.693745,31.734565,0.000000
鑫健大楼,121.840423,31.735985,0.000000
湖星苑,121.282870,31.740883,0.000000
云山大楼,121.282976,31.743097,0.000000
文华家园,121.808954,31.746369,0.000000
海宏花苑,121.807658,31.747901,0.000000
雍和嘉园,121.813468,31.747671,0.000000
玲珑花园(玲珑源),121.520150,31.750198,0.000000
寅阳社区服务中心,121.668920,31.749789,0.000000
长乐一村,121.407996,31.762943,0.000000
长乐二村,121.411418,31.763884,0.000000
国瑞瀛台(建设中),121.484312,31.761990,0.000000
悦岛观湖(建设中),121.467828,31.766215,0.000000
新萌花苑,121.756695,31.768316,0.000000
南江小区,121.435543,31.770507,0.000000
海鸿村公共活动中心,121.744419,31.770871,0.000000
江申街小区,121.451420,31.774853,0.000000
美玲发苑,121.613773,31.773105,0.000000
永兴花苑(利民路),121.453820,31.775902,0.000000
北上海至尊,121.632927,31.777401,0.000000
海上・普罗旺斯,121.419684,31.779874,0.000000
江海和佳园,121.462751,31.780596,0.000000
庙港小区,121.651856,31.778887,0.000000
海欣家苑,121.840802,31.780178,0.000000
绿岛・江湾城,121.418056,31.782827,0.000000
半岛・托斯卡纳,121.421107,31.781222,0.000000
君地蔚林半岛,121.454853,31.785061,0.000000
启东人才公寓,121.665627,31.784792,0.000000
洪联新村,121.365738,31.786603,0.000000
永隆房产中介,121.429687,31.787957,0.000000
悟空找房(海永店),121.429424,31.788096,0.000000
启东御江湾,121.444328,31.787831,0.000000
南郊家园,121.630906,31.788781,0.000000
启东碧桂园,121.664796,31.789074,0.000000
崇明海永镇联想小区,121.423331,31.791739,0.000000
滨江小区,121.430499,31.789330,0.000000
碧桂园15号楼,121.662970,31.789815,0.000000
北上海花园17号楼,121.664010,31.791508,0.000000
启东城东花园,121.672988,31.791472,0.000000
东南新村,121.359883,31.793624,0.000000
洪中二村,121.366437,31.793551,0.000000
崇明海永镇联想小区,121.423331,31.791739,0.000000
北上海花园C区,121.662658,31.793040,0.000000
汇东小区9号楼,121.664440,31.794352,0.000000
汇东小区11,121.665580,31.794461,0.000000
北上海花园24号楼,121.664282,31.793072,0.000000
北上海花园45号楼,121.666711,31.793082,0.000000
北上海花园25号楼,121.664273,31.793535,0.000000
北上海花园52号楼,121.666311,31.794300,0.000000
北上海花园19号楼,121.664582,31.792248,0.000000
北上海花园,121.668048,31.793180,0.000000
北上海花园46号楼,121.667052,31.793491,0.000000
惠萍家园(建设中),121.689951,31.792478,0.000000
乐颐小镇,121.419796,31.796568,0.000000
绿地长岛,121.456877,31.795023,0.000000
东疆花苑,121.636751,31.797450,0.000000
世纪家园南区,121.652571,31.797308,0.000000
世纪家园10号楼,121.653087,31.795890,0.000000
世纪家园20号楼,121.652948,31.797326,0.000000
汇东小区16号楼,121.658933,31.796287,0.000000
汇东新村11号楼,121.659584,31.796126,0.000000
汇东新村14号楼,121.660990,31.796793,0.000000
汇东新村,121.659397,31.796885,0.000000
汇东新村4号楼,121.662067,31.795948,0.000000
汇东小区,121.664253,31.794771,0.000000
北上海花园54号楼,121.667145,31.795108,0.000000
西欧翡翠苑,121.669784,31.795980,0.000000
格林春天,121.673855,31.797381,0.000000
御龙花园南区,121.683211,31.797457,0.000000
东方花园42号楼,121.685685,31.796830,0.000000
东方花园33号楼,121.685912,31.796681,0.000000
东方花园34号楼,121.685904,31.796725,0.000000
东方花园58号楼,121.685828,31.796996,0.000000
东方花园45号楼,121.685972,31.797132,0.000000
东方花园,121.686808,31.796816,0.000000
东方花园10号楼,121.687385,31.795983,0.000000
东方花园13号楼,121.687687,31.796222,0.000000
东方花园21号楼,121.687142,31.796509,0.000000
东方花园24号楼,121.686528,31.796421,0.000000
东方花园26号楼,121.686697,31.796648,0.000000
东方花园15号楼,121.688077,31.796704,0.000000
东方花园27号楼,121.686589,31.796699,0.000000
东方花园25号楼,121.686410,31.796478,0.000000
东方花园16号楼,121.687600,31.796958,0.000000
东方花园7号楼,121.688399,31.796550,0.000000
东方花园23号楼,121.686949,31.796979,0.000000
东方花园37号楼,121.686536,31.797060,0.000000
东方花园32号楼,121.687145,31.797230,0.000000
东方花园36号楼,121.686133,31.796831,0.000000
东方花园39号楼,121.686232,31.797127,0.000000
绿地长岛汗血马马术俱乐部,121.461359,31.797716,0.000000
银洲皇家学府,121.643504,31.800078,0.000000
世纪家园73幢,121.652329,31.799534,0.000000
世纪家园68号楼,121.653097,31.799556,0.000000
世纪家园22号楼,121.653102,31.797877,0.000000
世纪家园36号楼,121.650395,31.797691,0.000000
世纪家园(南苑中路),121.654159,31.799788,0.000000
世纪家园北区,121.654227,31.799769,0.000000
世纪家园59号楼,121.653890,31.799279,0.000000
世纪家园43号楼,121.655555,31.798550,0.000000
世纪家园53号楼,121.655209,31.799572,0.000000
世纪家园61号楼,121.653809,31.799856,0.000000
世纪家园54号楼,121.655223,31.799860,0.000000
世纪家园67号楼,121.653193,31.799275,0.000000
世纪家园70号楼,121.653148,31.800144,0.000000
汇东新村29号楼,121.656857,31.798177,0.000000
锦绣华庭(南苑中路),121.661226,31.799718,0.000000
锦绣华庭12号楼,121.661016,31.799287,0.000000
锦绣华庭16号楼,121.660554,31.799903,0.000000
锦绣华庭23号楼,121.659825,31.800211,0.000000
锦绣华庭4号楼,121.662020,31.798810,0.000000
锦绣华庭13号楼,121.661375,31.799490,0.000000
彩臣南村,121.666523,31.799930,0.000000
翡翠雅苑,121.672567,31.798067,0.000000
汇龙镇东郊村,121.681702,31.798351,0.000000
启东市东郊村,121.681702,31.798349,0.000000
御龙花园45号楼,121.682322,31.799486,0.000000
御龙花园,121.683448,31.798321,0.000000
御龙花园北区,121.683491,31.798615,0.000000
御龙花园34号楼,121.684331,31.798691,0.000000
御龙花园29号楼,121.684808,31.798442,0.000000
东方花园50号楼,121.686125,31.797631,0.000000
京伦小区,121.785821,31.798735,0.000000
皇家花园,121.644288,31.801630,0.000000
城南新村(南苑中路),121.648347,31.802525,0.000000
城市一品,121.650566,31.801169,0.000000
南苑新村15号楼,121.651330,31.802879,0.000000
南苑新村22号楼,121.652363,31.802831,0.000000
南苑新村26号楼,121.652863,31.802644,0.000000
南苑新村25号楼,121.653015,31.802849,0.000000
南园新村(公园中路),121.653810,31.802324,0.000000
世纪家园64号楼,121.653866,31.800991,0.000000
南苑新村27号楼,121.653457,31.802829,0.000000
南苑新村(灵秀路),121.654767,31.801826,0.000000
南苑新村61号楼,121.656547,31.801285,0.000000
南苑新村48号楼,121.656483,31.802217,0.000000
锦绣华庭24号楼,121.660015,31.800456,0.000000
南苑三村7号楼,121.658957,31.800701,0.000000
南苑三村,121.659371,31.800826,0.000000
彩臣南村7号楼,121.666345,31.800796,0.000000
彩臣三村28号楼,121.669573,31.801946,0.000000
彩臣三村,121.670849,31.801085,0.000000
彩臣三村34号楼,121.670036,31.800981,0.000000
友谊新村5栋,121.675157,31.802607,0.000000
东郊花苑(民乐东路),121.679941,31.800256,0.000000
锦绣家园58号楼,121.626830,31.805272,0.000000
锦绣家园4号楼,121.626907,31.805375,0.000000
城河新村3号楼,121.647366,31.805284,0.000000
城河新村6号楼,121.647605,31.805628,0.000000
晨阳房产(南苑店),121.649160,31.803901,0.000000
宝岛花园B,121.649906,31.804382,0.000000
宝岛花园B55号楼,121.649412,31.803869,0.000000
宝岛花园B56号楼,121.650080,31.803551,0.000000
城河新村12号楼,121.647697,31.805743,0.000000
宝岛花园B57号楼,121.649211,31.803797,0.000000
宝岛花园B44号楼,121.650800,31.804724,0.000000
南苑新村16号楼,121.651718,31.803471,0.000000
南苑新村12号楼,121.651254,31.803535,0.000000
宝岛花园18号楼,121.652702,31.804923,0.000000
南苑新村17号楼,121.651747,31.803254,0.000000
宝岛花园15号楼,121.652747,31.805221,0.000000
南苑新村20号楼,121.652556,31.803310,0.000000
南苑新村21号楼,121.652567,31.803073,0.000000
宝岛花园40号楼,121.650566,31.805556,0.000000
宝岛花园A,121.653637,31.805774,0.000000
宝岛花园16号楼,121.653913,31.804990,0.000000
团结新村22号楼,121.655485,31.804084,0.000000
团结新村(公园中路),121.656556,31.804883,0.000000
团结新村6号楼,121.657104,31.804032,0.000000
团结新村46号楼,121.656353,31.804674,0.000000
团结新村19栋,121.655917,31.804245,0.000000
滨河胜境,121.660622,31.805451,0.000000
天工花苑,121.663013,31.804848,0.000000
彩臣二村,121.665179,31.804581,0.000000
彩臣二村56号楼,121.665285,31.805315,0.000000
彩臣三村社区,121.668630,31.803766,0.000000
东辰公寓西区,121.669289,31.805134,0.000000
东方维也纳花园2期,121.668321,31.805664,0.000000
光华星城,121.667359,31.803240,0.000000
彩臣二村40号楼,121.667140,31.804902,0.000000
东方维也纳花园2号楼,121.668134,31.805700,0.000000
东方维也纳花园2期1号楼,121.667982,31.805313,0.000000
西欧龙城,121.670735,31.805280,0.000000
铭鼎书香名邸,121.671815,31.803567,0.000000
铭鼎花苑,121.672271,31.803269,0.000000
东辰公寓,121.670200,31.804226,0.000000
友谊新村(院校路),121.674535,31.803315,0.000000
绿城・玫瑰园(民乐东路),121.676680,31.805580,0.000000
青青家园,121.304939,31.806444,0.000000
科创嘉园安居房(建设中),121.611095,31.807812,0.000000
锦绣家园,121.625095,31.806047,0.000000
锦绣家园A区,121.625344,31.806880,0.000000
建都城河花苑,121.646172,31.806232,0.000000
城河新村64号楼,121.644958,31.806941,0.000000
城河新村57号楼,121.646658,31.808515,0.000000
城河新村,121.646410,31.808303,0.000000
城河新村4号楼,121.649200,31.806656,0.000000
城河新村13号楼,121.647849,31.805978,0.000000
职工新村,121.649444,31.807668,0.000000
宝岛花园C,121.651600,31.806565,0.000000
宝岛花园25号楼,121.652169,31.807417,0.000000
宝岛花园24号楼,121.652296,31.807412,0.000000
宝岛花园36号楼,121.651644,31.805922,0.000000
东方银座,121.655402,31.806804,0.000000
宝岛花园6号楼,121.654202,31.806632,0.000000
宝岛花园8号楼,121.654421,31.806317,0.000000
东洲新村5号楼,121.658579,31.807314,0.000000
东洲新村社区,121.659453,31.807231,0.000000
东洲新村,121.658823,31.806883,0.000000
东洲新村44号楼,121.660897,31.806968,0.000000
东洲新村45号楼,121.661058,31.807172,0.000000
东洲新村26号楼,121.661012,31.806864,0.000000
东洲新村27号楼,121.660874,31.806465,0.000000
东洲新村46号楼,121.661206,31.807455,0.000000
东洲新村43号楼,121.660629,31.806870,0.000000
东洲新村10号楼,121.659085,31.807513,0.000000
城市花苑-南区,121.662649,31.808442,0.000000
东方维也纳花园,121.666608,31.806443,0.000000
东方维也纳花园1期,121.665763,31.806913,0.000000
东方维也纳花园24号楼,121.665824,31.806840,0.000000
民乐一村,121.665964,31.808111,0.000000
民乐新村社区,121.667602,31.807076,0.000000
东方维也纳花园3号楼,121.668534,31.806171,0.000000
启秀花苑49号楼,121.671700,31.807369,0.000000
启秀花苑44号楼,121.671987,31.806798,0.000000
启秀花苑58号楼,121.671714,31.808003,0.000000
启秀花苑57号楼,121.672153,31.807790,0.000000
启秀花苑56号楼,121.672266,31.807523,0.000000
启秀花苑66号楼,121.671813,31.808272,0.000000
启秀花苑65号楼,121.672157,31.808039,0.000000
启秀花苑73号楼,121.672321,31.808327,0.000000
启秀花苑25号楼,121.673734,31.807242,0.000000
启秀花苑24号楼,121.674005,31.807087,0.000000
启秀花苑59号楼,121.673349,31.807202,0.000000
启秀花苑21号楼,121.673960,31.806834,0.000000
启秀花苑67号楼,121.673486,31.807528,0.000000
启秀花苑27号楼,121.674184,31.807364,0.000000
启秀花苑60号楼,121.673098,31.807297,0.000000
启秀花苑52号楼,121.673061,31.807049,0.000000
启秀花苑68号楼,121.673250,31.807589,0.000000
启秀花苑18号楼,121.673952,31.806521,0.000000
启秀花苑17号楼,121.673427,31.806465,0.000000
启秀花苑53号楼,121.672822,31.807146,0.000000
启秀花苑45号楼,121.672935,31.806733,0.000000
启秀花苑23号楼,121.674536,31.806810,0.000000
启秀花苑61号楼,121.672914,31.807399,0.000000
启秀花苑74号楼,121.673845,31.808021,0.000000
启秀花苑54号楼,121.672632,31.807255,0.000000
启秀花苑16号楼,121.673976,31.806230,0.000000
启秀花苑31号楼,121.674301,31.807783,0.000000
启秀花苑62号楼,121.672709,31.807556,0.000000
启秀花苑78号楼,121.673023,31.808488,0.000000
启秀花苑36号楼,121.674867,31.808218,0.000000
启秀花苑73号楼,121.672321,31.808327,0.000000
启秀花苑32号楼,121.675204,31.807606,0.000000
启秀花苑35号楼,121.675404,31.807863,0.000000
启秀花苑38号楼,121.675497,31.808125,0.000000
启秀花苑40号楼,121.675678,31.808399,0.000000
科创嘉园,121.609278,31.808891,0.000000
善成一村1号楼,121.632750,31.810891,0.000000
香榭水岸50号楼,121.635796,31.809746,0.000000
香榭水岸51号楼,121.635922,31.809960,0.000000
南润・景秀天城,121.634987,31.811061,0.000000
香榭水岸28号楼,121.637782,31.809090,0.000000
香榭水岸56号楼,121.636866,31.811146,0.000000
香榭水岸1期,121.640185,31.810815,0.000000
城河新村-西区,121.640991,31.808941,0.000000
城河新村150号楼,121.641563,31.809217,0.000000
香榭水岸21号楼,121.642993,31.811084,0.000000
轻工新村,121.647369,31.810425,0.000000
汇友新村,121.648266,31.809240,0.000000
汇友新村1号楼,121.649671,31.809236,0.000000
水晶苑,121.652370,31.809052,0.000000
东珠新村42号楼,121.652804,31.808886,0.000000
建都新村,121.651359,31.810240,0.000000
建都新村东区,121.653705,31.809467,0.000000
东珠新村11号楼,121.655165,31.809209,0.000000
东珠新村41号楼,121.653540,31.808920,0.000000
东珠新村,121.655180,31.808811,0.000000
欧陆街・北上海国际城,121.658269,31.810950,0.000000
建新路社区,121.659211,31.808802,0.000000
银洲大厦,121.659726,31.810178,0.000000
名都社区,121.662552,31.810275,0.000000
名都苑南区,121.661554,31.810468,0.000000
城市花苑东区,121.662972,31.809457,0.000000
城市花苑8,121.663118,31.809743,0.000000
城市花苑(民乐中路),121.663137,31.809290,0.000000
幸福一村东区,121.664655,31.810841,0.000000
金恒花苑,121.669361,31.810501,0.000000
金恒花苑9号楼,121.669195,31.810159,0.000000
金恒花苑11号楼,121.667974,31.810708,0.000000
金恒花苑14号楼,121.668376,31.810856,0.000000
金恒花苑18号楼,121.668743,31.811002,0.000000
金恒花苑17号楼,121.669431,31.810786,0.000000
金恒花苑7号楼,121.670807,31.809221,0.000000
金恒花苑1号楼,121.671094,31.809062,0.000000
启秀花苑86号楼,121.673183,31.808733,0.000000
启秀花苑85号楼,121.673398,31.808626,0.000000
启秀花苑84号楼,121.673616,31.808503,0.000000
启秀花苑79号楼,121.672784,31.808568,0.000000
启秀花苑80号楼,121.672562,31.808647,0.000000
双喜苑,121.676944,31.809094,0.000000
双喜苑南区,121.677422,31.808808,0.000000
双喜苑北区,121.678181,31.810519,0.000000
跃进新村,121.216407,31.812820,0.000000
跃进新村70号楼,121.220624,31.813196,0.000000
跃进新村69号楼,121.220736,31.813218,0.000000
好家园,121.629518,31.813512,0.000000
春盛房产中介,121.633826,31.813233,0.000000
善成一村,121.633266,31.811898,0.000000
善成新村11号楼,121.632408,31.813897,0.000000
善成新村19号楼,121.633454,31.813805,0.000000
善成房产,121.635131,31.812638,0.000000
善成小区,121.634264,31.813016,0.000000
善成新村34号楼,121.635411,31.813229,0.000000
善成新村20号楼,121.633986,31.813842,0.000000
欣宜中介,121.634883,31.812746,0.000000
香榭水岸2期,121.638339,31.812900,0.000000
香榭水岸62号楼,121.637922,31.812605,0.000000
香榭水岸61号楼,121.637764,31.812362,0.000000
香榭水岸60号楼,121.637547,31.812114,0.000000
香榭水岸37号楼,121.639265,31.811420,0.000000
香榭水岸,121.639592,31.811830,0.000000
香榭水岸46号楼,121.640873,31.812229,0.000000
香榭水岸44号楼,121.640698,31.811680,0.000000
香榭水岸45号楼,121.641648,31.811902,0.000000
滨江花苑(和平中路),121.644443,31.812816,0.000000
滨江公寓(和平中路),121.645593,31.813487,0.000000
开来华府,121.647078,31.812658,0.000000
建都新村西区,121.648698,31.812810,0.000000
建都新村81号楼,121.648700,31.812930,0.000000
永安广场,121.650550,31.812925,0.000000
豪门广场,121.652891,31.812882,0.000000
文秀新村,121.656771,31.812549,0.000000
文秀新村5号楼,121.657280,31.812665,0.000000
天一花园9号楼,121.657565,31.812561,0.000000
天一花园(民乐中路),121.658363,31.811890,0.000000
幸福二村3号楼,121.660728,31.812779,0.000000
幸福二村4号楼,121.660883,31.812972,0.000000
天一花园10号楼,121.659270,31.812061,0.000000
幸福二村1号楼,121.660988,31.812641,0.000000
幸福二村5号楼,121.661137,31.813129,0.000000
名都苑(幸一路),121.663763,31.811955,0.000000
名都苑东区,121.664008,31.811625,0.000000
名都苑北区,121.662431,31.811690,0.000000
幸福二村7号楼,121.661513,31.813496,0.000000
名都苑1号楼,121.662419,31.811336,0.000000
明珠社区,121.665987,31.813943,0.000000
幸福一村西区,121.664758,31.813095,0.000000
幸福一村128号楼,121.665589,31.813318,0.000000
幸福一村137号楼,121.664111,31.812149,0.000000
幸福一村166号楼,121.664109,31.813651,0.000000
幸福一村,121.664720,31.813102,0.000000
金恒花苑23号楼,121.669224,31.811420,0.000000
香格花园,121.672136,31.812467,0.000000
香格花园19号楼,121.670930,31.812399,0.000000
香格花园20号楼,121.671155,31.812586,0.000000
香格花园15号楼,121.671663,31.812314,0.000000
香格花园14号楼,121.671489,31.812057,0.000000
香格花园13号楼,121.671315,31.811832,0.000000
香格花园12号楼,121.671153,31.811587,0.000000
香格花园10号楼,121.672038,31.811790,0.000000
香格花园9号楼,121.671857,31.811563,0.000000
金恒花苑25号楼,121.669613,31.811533,0.000000
香格花园5号楼,121.673098,31.812397,0.000000
香格花园28号楼,121.672674,31.813333,0.000000
香格花园24号楼,121.672760,31.813287,0.000000
香格花园3号楼,121.672750,31.811796,0.000000
香格花园27号楼,121.673409,31.813941,0.000000
紫薇花苑14号楼,121.676921,31.813985,0.000000
学华新村,121.679407,31.813130,0.000000
克明花园,121.681745,31.813234,0.000000
跃进新村59号楼,121.221001,31.815289,0.000000
跃进新村(跃征路),121.221309,31.814055,0.000000
跃进新村46号楼,121.222088,31.815158,0.000000
跃进新村56号楼,121.221569,31.815223,0.000000
跃进新村48号楼,121.221591,31.814996,0.000000
跃进新村49号楼,121.221433,31.814996,0.000000
跃进一村,121.226120,31.814230,0.000000
旺家房产,121.632907,31.814300,0.000000
善成新村1号楼,121.631281,31.814401,0.000000
善成新村,121.633958,31.814136,0.000000
新联小区,121.637373,31.814744,0.000000
金水苑,121.642753,31.815463,0.000000
阳光花苑,121.643686,31.815238,0.000000
供电小区,121.644933,31.815198,0.000000
阳光花苑社区邻里服务中心,121.646233,31.815143,0.000000
供电小区2号楼,121.645562,31.815294,0.000000
供电小区3号楼,121.645433,31.815104,0.000000
供电小区1号楼,121.645171,31.815467,0.000000
供电小区5号楼,121.645257,31.814859,0.000000
明天广场,121.646204,31.816620,0.000000
纺工新村,121.649779,31.814583,0.000000
纺工新村9号楼,121.650158,31.814779,0.000000
纺工新村5号楼,121.649922,31.814424,0.000000
名仕豪庭,121.648835,31.815480,0.000000
华联新村,121.650169,31.815413,0.000000
桃李新村,121.654285,31.815271,0.000000
幸福二村61号楼,121.658949,31.815818,0.000000
幸福二村(公安巷),121.660257,31.814501,0.000000
房屋与产权交易所,121.660219,31.816220,0.000000
幸福二村11号楼,121.662246,31.814583,0.000000
幸福二村19号楼,121.661766,31.814714,0.000000
幸福二村18号楼,121.661572,31.814538,0.000000
明珠新村,121.666191,31.814834,0.000000
汇金花园(紫薇中路),121.667526,31.816128,0.000000
汇金花园1号楼,121.667636,31.815930,0.000000
明珠苑20号楼,121.668750,31.814723,0.000000
明珠苑(紫薇中路),121.670806,31.814463,0.000000
大长江公寓,121.670001,31.815723,0.000000
紫薇花苑,121.675048,31.815351,0.000000
紫薇花苑西区,121.673814,31.816120,0.000000
银洲紫薇苑,121.672612,31.815944,0.000000
紫薇花苑25号楼,121.674608,31.815021,0.000000
紫薇花苑30号楼,121.674899,31.814532,0.000000
紫薇花苑社区邻里中心,121.674702,31.814554,0.000000
紫薇花苑东区,121.677385,31.814170,0.000000
紫薇花苑21号楼,121.676452,31.814791,0.000000
紫薇花苑29号楼,121.675687,31.815872,0.000000
紫薇花苑17号楼,121.677512,31.814951,0.000000
紫薇花苑16号楼,121.677312,31.814669,0.000000
紫薇花苑31号楼,121.675095,31.814787,0.000000
紫薇花苑18号楼,121.675915,31.814069,0.000000
紫薇花苑14号楼,121.676921,31.813985,0.000000
安东小区,121.679729,31.815392,0.000000
安东小区7,121.679902,31.815019,0.000000
安东小区1栋,121.680484,31.814688,0.000000
紫薇花苑11号楼,121.678207,31.814630,0.000000
景源华庭,121.677969,31.816149,0.000000
韩华・和家园,121.629492,31.818953,0.000000
林洋职工之家,121.631941,31.819015,0.000000
南润花苑,121.633328,31.816853,0.000000
汇金・原香,121.634970,31.818404,0.000000
碧桂园・大名府,121.638604,31.818979,0.000000
碧桂园,121.637518,31.818901,0.000000
中邦上海城商业广场,121.640484,31.818525,0.000000
万豪花园,121.647815,31.819312,0.000000
和平新村(民乐中路),121.650903,31.817843,0.000000
启东市文汇新村2期,121.654303,31.818815,0.000000
文汇新村西区,121.654214,31.819149,0.000000
红裕金板寸,121.655746,31.817698,0.000000
和平一村,121.654034,31.816820,0.000000
长江新村小区67号楼,121.661074,31.816943,0.000000
长江新村小区,121.662367,31.817485,0.000000
长龙苑,121.669506,31.818290,0.000000
长龙苑4号楼,121.667993,31.819190,0.000000
长龙苑19号楼,121.669411,31.817733,0.000000
长龙苑20号楼,121.669256,31.817478,0.000000
长龙苑8号楼,121.669406,31.818736,0.000000
紫薇一村社区邻里中心,121.671480,31.818307,0.000000
长龙苑12号楼,121.670568,31.818173,0.000000
长龙苑11号楼,121.670728,31.818455,0.000000
长龙苑15号楼,121.670359,31.817909,0.000000
长龙苑10号楼,121.669968,31.818470,0.000000
长龙苑9号楼,121.670144,31.818725,0.000000
长龙苑7号楼,121.669614,31.818986,0.000000
中南・石上清泉,121.674977,31.819008,0.000000
长龙花苑,121.673627,31.819283,0.000000
紫薇一村15号楼,121.673571,31.818025,0.000000
紫薇一村10号楼,121.673495,31.818052,0.000000
紫薇一村21号楼,121.674299,31.818053,0.000000
紫薇一村20号楼,121.674283,31.818263,0.000000
紫薇一村17号楼,121.673559,31.817577,0.000000
紫薇一村26号楼,121.674381,31.818227,0.000000
紫薇一村22号楼,121.674300,31.817808,0.000000
紫薇一村23号楼,121.674300,31.817535,0.000000
紫薇一村24号楼,121.674294,31.817322,0.000000
紫薇一村30号楼,121.674429,31.817287,0.000000
新东方花苑4号楼,121.674716,31.818840,0.000000
伊顿公馆,121.676681,31.817834,0.000000
御和湾铂金苑(建设中),121.679318,31.817889,0.000000
御和湾中央公园,121.682176,31.818834,0.000000
界河新村,121.287103,31.819475,0.000000
开沙新村,121.289784,31.820737,0.000000
新海小区(海辉路),121.290836,31.821742,0.000000
新海一村,121.291511,31.820716,0.000000
新海二村,121.293672,31.820766,0.000000
新海二村南区,121.293636,31.820774,0.000000
新海二村北区,121.293951,31.821584,0.000000
新苑(兴垦路),121.297975,31.820327,0.000000
华石新村小区,121.627421,31.819823,0.000000
中邦上海城2期,121.639772,31.821572,0.000000
景都小区29号楼,121.648478,31.821510,0.000000
景都小区22号楼,121.649217,31.821199,0.000000
景都小区23号楼,121.649374,31.821456,0.000000
景都小区28号楼,121.649298,31.822065,0.000000
景都小区34号楼,121.647674,31.821549,0.000000
景都小区35号楼,121.647846,31.821790,0.000000
景都小区25号楼,121.649921,31.822077,0.000000
景都小区36号楼,121.647759,31.822262,0.000000
汇中村小区,121.650152,31.821053,0.000000
汇中村,121.649335,31.821378,0.000000
汇中村62号楼,121.650262,31.821471,0.000000
景都小区4号楼,121.651235,31.821459,0.000000
景都小区3号楼,121.650899,31.821221,0.000000
和平公馆,121.650834,31.820437,0.000000
文汇新村1期,121.652917,31.819657,0.000000
景都大厦,121.651603,31.820942,0.000000
文汇新村,121.652752,31.820653,0.000000
汇中村48号楼,121.650776,31.820974,0.000000
银洲新村,121.657823,31.819737,0.000000
紫薇三村33号楼,121.658711,31.821913,0.000000
紫薇二村(长兴路),121.663691,31.822130,0.000000
紫薇二村49号楼,121.662829,31.821892,0.000000
紫薇二村43号楼,121.663759,31.821934,0.000000
紫薇二村44号楼,121.663897,31.822162,0.000000
东邦公寓,121.661611,31.821796,0.000000
紫薇二村南区,121.664151,31.821525,0.000000
紫薇二村64号楼,121.665332,31.821904,0.000000
紫薇二村26号楼,121.664251,31.820722,0.000000
紫薇二村36号楼,121.664342,31.821696,0.000000
长龙一村东区,121.675063,31.820405,0.000000
新水湾小区,121.512235,31.824858,0.000000
银河花苑小区,121.615733,31.823591,0.000000
清华苑,121.619239,31.825082,0.000000
龙豪国际花园,121.624642,31.825037,0.000000
车城公寓,121.627088,31.824241,0.000000
建德花苑,121.628681,31.823157,0.000000
申港公寓,121.632883,31.824914,0.000000
大唐佳苑,121.645797,31.823476,0.000000
景都小区(和平中路),121.649589,31.822365,0.000000
景都小区39号楼,121.649361,31.823748,0.000000
景都小区40号楼,121.649554,31.823984,0.000000
景都小区33号楼,121.649557,31.822894,0.000000
景都小区41号楼,121.650037,31.823461,0.000000
景都小区32号楼,121.649323,31.822646,0.000000
景都小区42号楼,121.650278,31.823660,0.000000
景都小区31号楼,121.649195,31.822400,0.000000
景都小区37号楼,121.648323,31.822451,0.000000
景都小区26号楼,121.650100,31.822318,0.000000
景都小区27号楼,121.650386,31.822542,0.000000
和鑫新村,121.652007,31.822332,0.000000
紫薇三村,121.658534,31.823231,0.000000
紫薇三村50号楼,121.657397,31.822586,0.000000
长兴街社区,121.662377,31.824169,0.000000
紫薇二村69号楼,121.663019,31.823315,0.000000
紫薇二村81号楼,121.663941,31.823278,0.000000
紫薇二村82号楼,121.664067,31.823467,0.000000
紫薇二村80号楼,121.665271,31.823414,0.000000
紫薇二村76号楼,121.665265,31.823132,0.000000
紫薇二村75号楼,121.664925,31.823021,0.000000
紫薇二村83号楼,121.664523,31.823830,0.000000
紫薇二村66号楼,121.664171,31.822468,0.000000
长龙一村,121.671473,31.824234,0.000000
长龙一村10号楼,121.671301,31.823303,0.000000
长龙一村9号楼,121.671398,31.823100,0.000000
长龙一村46号楼,121.671125,31.822900,0.000000
长龙一村48号楼,121.671578,31.822770,0.000000
长龙一村93号楼,121.672131,31.824810,0.000000
长龙一村西区,121.672497,31.823598,0.000000
长龙一村50号楼,121.672538,31.822408,0.000000
金汇苑,121.675548,31.822713,0.000000
清华苑,121.619239,31.825082,0.000000
凯洪家园小区,121.627225,31.827771,0.000000
车城花苑,121.627845,31.825780,0.000000
凯洪家园B区,121.629346,31.827493,0.000000
申港别墅151号楼,121.631442,31.826436,0.000000
富源花园东区,121.636925,31.827565,0.000000
富源花园2期,121.636956,31.827547,0.000000
中邦上海城D地块2期,121.642594,31.825944,0.000000
怡福花苑,121.654516,31.827072,0.000000
润福花园,121.658380,31.826788,0.000000
长龙三村,121.661490,31.825499,0.000000
长龙二村,121.666722,31.825818,0.000000
长龙二村27号楼,121.665517,31.826065,0.000000
长龙二村34号楼,121.666334,31.827019,0.000000
长龙二村46号楼,121.667905,31.825668,0.000000
长龙二村45号楼,121.667498,31.825915,0.000000
长龙二村44号楼,121.667638,31.825450,0.000000
江海风情园,121.161723,31.827844,0.000000
红阳花苑,121.588207,31.828396,0.000000
西郊花苑,121.589713,31.828795,0.000000
海洪新村小区,121.618158,31.829336,0.000000
海洪新村小区6号楼,121.619183,31.828568,0.000000
海洪新村小区8号楼,121.619717,31.829160,0.000000
海洪新村小区5号楼,121.619021,31.828286,0.000000
凯旋华府(华石路),121.624505,31.827935,0.000000
凯洪家园A区,121.627423,31.828249,0.000000
富源二村25号楼,121.631006,31.830559,0.000000
富源二村,121.632718,31.830380,0.000000
富源二村8号楼,121.633133,31.829663,0.000000
富源二村15号楼,121.632581,31.830220,0.000000
富源花园(富源路),121.635968,31.829218,0.000000
富源花园西区,121.635725,31.829090,0.000000
富源花园1期,121.635552,31.828181,0.000000
富源花园18号楼,121.634907,31.829382,0.000000
富源花园17号楼,121.634735,31.829136,0.000000
富源花园19号楼,121.635088,31.829619,0.000000
富源花园4号楼,121.636257,31.828829,0.000000
富源花园14号楼,121.636009,31.829882,0.000000
富源二村5号楼,121.634407,31.830222,0.000000
富源花园33号楼,121.637219,31.828692,0.000000
长龙怡福苑南区,121.654457,31.828458,0.000000
长龙怡福苑北区,121.655471,31.830176,0.000000
长龙怡福苑,121.656680,31.827791,0.000000
润福・智慧谷,121.657414,31.828192,0.000000
中成・河滨花园,121.668418,31.829084,0.000000
上海庄园,121.587777,31.832025,0.000000
富源二村18号楼,121.633063,31.831094,0.000000
富源二村16号楼,121.632780,31.830584,0.000000
台角新村小区,121.663009,31.831589,0.000000
中成・壹号花园,121.666211,31.831146,0.000000
北辰公寓,121.672361,31.831135,0.000000
上海新村经济小区,121.327257,31.833133,0.000000
恒亚国际商贸城,121.556024,31.842109,0.000000
滨湖花园,121.376886,31.853153,0.000000
欣月佳苑,121.159090,31.866914,0.000000
东升花园,121.419846,31.866360,0.000000
龙城,121.697430,31.867728,0.000000
向阳人家,121.784941,31.868773,0.000000
月亮湾小区310号,121.157708,31.869607,0.000000
海门市海门街道办事处城南中心社区,121.157503,31.871135,0.000000
月亮湾小区703号楼,121.159332,31.871490,0.000000
月亮湾小区603号楼,121.158792,31.871441,0.000000
月亮湾(北京路),121.157906,31.869390,0.000000
景瑞御江山,121.162014,31.871032,0.000000
东恒盛国际华府,121.163963,31.871261,0.000000
嘉陵江花苑21号楼,121.187965,31.871199,0.000000
嘉陵江花苑19号楼,121.187849,31.871469,0.000000
仁恒・公园四季(建设中),121.193992,31.869722,0.000000
汇智嘉园,121.197394,31.870493,0.000000
崇德・馥园,121.698344,31.870160,0.000000
桂香园,121.701263,31.869460,0.000000
南阳小区,121.702574,31.870748,0.000000
北京壹号公馆,121.156332,31.872389,0.000000
月亮湾小区601号楼,121.158799,31.872068,0.000000
月亮湾小区701号楼,121.159379,31.872094,0.000000
月亮湾小区602号楼,121.158725,31.871746,0.000000
阳光骊景,121.159017,31.872501,0.000000
中南・锦尚名苑(建设中),121.171930,31.872999,0.000000
嘉陵江小区,121.188123,31.872450,0.000000
嘉陵江花苑,121.187937,31.872439,0.000000
嘉陵江花苑4号楼,121.187102,31.872721,0.000000
嘉陵江花苑8号楼,121.187588,31.873200,0.000000
嘉陵江花苑14号楼,121.187893,31.872405,0.000000
浦民小区7号楼,121.190826,31.873593,0.000000
嘉陵江花苑22号楼,121.188846,31.873622,0.000000
嘉陵江花苑13号楼,121.188246,31.872773,0.000000
嘉陵江花苑11号楼,121.188153,31.872982,0.000000
嘉陵江花苑16号楼,121.188369,31.872130,0.000000
嘉陵江花苑18号楼,121.188417,31.871890,0.000000
浦民小区,121.192243,31.873287,0.000000
浦民小区4号楼,121.191907,31.872955,0.000000
浦民小区11号楼,121.192800,31.873603,0.000000
浦民小区12号楼,121.193012,31.873616,0.000000
浦民小区8号楼,121.191317,31.873592,0.000000
浦民小区6号楼,121.191043,31.873145,0.000000
浦民小区13号楼,121.193426,31.873634,0.000000
浦民小区2号楼,121.193519,31.873249,0.000000
浦民小区1号楼,121.194111,31.873355,0.000000
浦民小区14号楼,121.193665,31.873603,0.000000
浦瑞小区20号楼,121.195493,31.872767,0.000000
浦瑞小区10号楼,121.195579,31.872495,0.000000
浦瑞小区,121.196845,31.872501,0.000000
浦瑞小区15号楼,121.198234,31.873196,0.000000
浦瑞小区17号楼,121.197054,31.873065,0.000000
浦瑞小区6号楼,121.197777,31.872472,0.000000
浦瑞小区18号楼,121.196463,31.872959,0.000000
浦瑞小区11号楼,121.196411,31.872573,0.000000
浦瑞小区2号楼,121.196418,31.871975,0.000000
旭日花园,121.390019,31.873343,0.000000
红星世纪苑,121.702409,31.872218,0.000000
青馨园,121.700007,31.874423,0.000000
东恒盛国际公馆,121.176900,31.875524,0.000000
中南・锦苑,121.183459,31.875533,0.000000
海门嘉南花苑,121.187758,31.875598,0.000000
狮山房产,121.198399,31.874517,0.000000
江苏新鑫物业管理有限公司海门分公司嘉北小区物业管理处,121.197970,31.875840,0.000000
浦江南苑,121.201295,31.875911,0.000000
